{
 "cells": [
  {
   "cell_type": "code",
   "execution_count": 7,
   "id": "994de4d1-2a74-4b1a-a033-5fdb7e8e922b",
   "metadata": {},
   "outputs": [
    {
     "name": "stdout",
     "output_type": "stream",
     "text": [
      "[3 7 3]\n",
      "[-1 -3 -1]\n",
      "[ 2 10  2]\n",
      "14\n",
      "2.449489742783178\n"
     ]
    }
   ],
   "source": [
    "import numpy as np\n",
    "#vectors\n",
    "v=np.array([1,2,1])\n",
    "w=np.array([2,5,2])\n",
    "print(v+w)\n",
    "print(v-w)\n",
    "print(v*w)\n",
    "print(np.dot(v,w))\n",
    "#to find the length of any vector we use\n",
    "print(np.linalg.norm(v))#linalglinear algebra"
   ]
  },
  {
   "cell_type": "code",
   "execution_count": 19,
   "id": "c5e2bbf4-801d-46d4-94b0-c613a4a102d7",
   "metadata": {},
   "outputs": [
    {
     "name": "stdout",
     "output_type": "stream",
     "text": [
      "[[1 2]\n",
      " [4 5]]\n",
      "[[-1.66666667  0.66666667]\n",
      " [ 1.33333333 -0.33333333]]\n"
     ]
    }
   ],
   "source": [
    "#matrix calculations\n",
    "v=np.array([[1,2],[4,5]])\n",
    "print(v)\n",
    "#to find the inverse use this\n",
    "print(np.linalg.inv(v))"
   ]
  },
  {
   "cell_type": "code",
   "execution_count": 1,
   "id": "0296c0f3-4553-4530-99ab-9bfa1151880b",
   "metadata": {},
   "outputs": [
    {
     "name": "stdout",
     "output_type": "stream",
     "text": [
      "[[1 2 3]\n",
      " [4 5 6]\n",
      " [7 8 9]]\n"
     ]
    }
   ],
   "source": [
    "import numpy as np\n",
    "A=np.array([[1,2,3],[4,5,6],[7,8,9]])\n",
    "print(A)"
   ]
  },
  {
   "cell_type": "code",
   "execution_count": 5,
   "id": "2626db75-fc22-415f-8877-c4903ed2326c",
   "metadata": {},
   "outputs": [
    {
     "name": "stdout",
     "output_type": "stream",
     "text": [
      "[ 1.61168440e+01 -1.11684397e+00 -3.38433605e-16]\n",
      "[[-0.23197069 -0.78583024  0.40824829]\n",
      " [-0.52532209 -0.08675134 -0.81649658]\n",
      " [-0.8186735   0.61232756  0.40824829]]\n"
     ]
    }
   ],
   "source": [
    "values,vectors=np.linalg.eig(A)\n",
    "print(values)\n",
    "print(vectors)"
   ]
  },
  {
   "cell_type": "code",
   "execution_count": 25,
   "id": "ff2b23a8-a02b-41eb-932a-1cb0c8c2ef04",
   "metadata": {},
   "outputs": [
    {
     "name": "stdout",
     "output_type": "stream",
     "text": [
      "[[ 0.81094933 -0.09338945  0.57761543]\n",
      " [ 0.56996499  0.34927886 -0.74373664]\n",
      " [ 0.13229171 -0.93235331 -0.33647618]]\n",
      "[[ 2.04551323e-01  3.44271217e-01  5.48822541e-01  7.33777830e-01]\n",
      " [ 2.18067510e-01 -6.56064669e-01 -4.37997159e-01  5.74616568e-01]\n",
      " [-7.59784169e-01  3.43108067e-01 -4.16676102e-01  3.62471925e-01]\n",
      " [-5.77350269e-01 -5.77350269e-01  5.77350269e-01  5.39416626e-16]]\n",
      "[6.75094297 1.17344125 0.21864263]\n",
      "[[6.75094297 0.         0.         0.        ]\n",
      " [0.         1.17344125 0.         0.        ]\n",
      " [0.         0.         0.21864263 0.        ]]\n"
     ]
    }
   ],
   "source": [
    "#to find the single value decomposition of any matrix\n",
    "import numpy as np\n",
    "a=np.array([[1,2,3,4],[1,1,2,3],[0,1,1,0]])\n",
    "u,s,v=np.linalg.svd(a)\n",
    "print(u)\n",
    "print(v)\n",
    "print(s)\n",
    "#np.linalg.svd returns the singular value in case of s and not the sigma matrix to get the sigma matrix we have to make a zeros matrix of same size as a and fill the diagonal values with the singular values\n",
    "b=np.zeros((3,4))\n",
    "c=np.diag(s)\n",
    "b[:,:-1]=c\n",
    "print(b)"
   ]
  },
  {
   "cell_type": "code",
   "execution_count": null,
   "id": "db6e23b2-b8ca-43ea-8053-e221ee8f24a7",
   "metadata": {},
   "outputs": [],
   "source": []
  }
 ],
 "metadata": {
  "kernelspec": {
   "display_name": "Python [conda env:base] *",
   "language": "python",
   "name": "conda-base-py"
  },
  "language_info": {
   "codemirror_mode": {
    "name": "ipython",
    "version": 3
   },
   "file_extension": ".py",
   "mimetype": "text/x-python",
   "name": "python",
   "nbconvert_exporter": "python",
   "pygments_lexer": "ipython3",
   "version": "3.12.7"
  }
 },
 "nbformat": 4,
 "nbformat_minor": 5
}
